TX:	20:33:19	00 01 00 10 00 01 00 1F 60 1D A1 09 06 07 60 85 74 05 08 01 01 BE 10 04 0E 01 00 00 00 06 5F 1F 04 00 62 1E 5D FF FF
RX:	20:33:20	00 01 00 01 00 10 00 2B 61 29 A1 09 06 07 60 85 74 05 08 01 01 A2 03 02 01 00 A3 05 A1 03 02 01 00 BE 10 04 0E 08 00 06 5F 1F 04 00 00 00 10 03 40 00 07
TX:	20:33:20	00 01 00 10 00 01 00 0D C0 01 C1 00 01 00 00 2A 00 00 FF 02 00
RX:	20:33:20	00 01 00 01 00 10 00 0A C4 01 C1 00 09 04 47 52 58 31
TX:	20:33:20	00 01 00 10 00 01 00 0D C0 01 C1 00 01 00 00 60 01 00 FF 02 00
RX:	20:33:20	00 01 00 01 00 10 00 10 C4 01 C1 00 09 0A 45 4C 2D 53 49 4D 2D 30 30 31
TX:	20:33:20	00 01 00 10 00 01 00 0D C0 01 C1 00 08 00 00 01 00 00 FF 02 00
RX:	20:33:20	00 01 00 01 00 10 00 12 C4 01 C1 00 09 0C 07 EA 07 10 FF 14 21 14 FF FE B6 00
TX:	20:33:20	00 01 00 10 00 01 00 05 62 03 80 01 00
RX:	20:33:20	00 01 00 01 00 10 00 17 63 11 80 01 00 BE 0F 04 0E 08 00 06 5F 1F 04 00 00 00 10 03 40 00 07
